79
75
80
24
68
35
5
99
80
58
19
13
35
44
45
16
53
75
33
75
89
89
39
97
17
48
84
19
96
41
96
59
39
11
91
42
87
72
26
84
17
82
85
82
7
2
22
44
63
16
0
33
39
65
11
44
83
48
99
74
63
70
2
49
99
36
41
89
63
92
15
63
31
34
43
2
75
64
11
83
17
78
37
46
94
78
27
11
19
51
21
71
3
24
66
0
24
59
46
28
53
41
25
35
18
58
32
96
60
18
10
6
0
58
30
10
81
30
26
69
35
58
70
39
57
49
21
33
12
48
21
35
18
59
84
7
38
89
70
53
32
9
17
40
48
98
10
64
76
7
6
70
74
0
95
85
55
26
79
34
78
63
44
52
44
42
64
94
47
29
99
46
70
74
28
45
58
51
17
86
70
58
90
9
39
99
50
19
45
84
72
13
22
69
98
98
31
17
31
1
90
90
91
83
68
71
61
21
2
42
5
48
40
60
77
32
91
92
30
17
25
31
40
53
15
41
38
13
46
92
74
64
67
7
50
96
39
37
70
6
97
56
8
47
25
55
99
32
17
46
94
68
33
31
76
65
69
78
86
10
89
53
61
86
65
9
83
43
40
91
45
45
56
88
1
44
87
57
64
73
98
57
96
32
87
56
70
20
53
72
4
4
48
65
99
81
16
66
16
23
67
32
89
5
73
40
94
41
96
87
50
54
49
45
55
94
61
41
65
78
2
44
3
89
6
83
94
54
68
83
1
4
6
82
53
79
45
94
54
11
9
73
18
3
59
91
9
49
25
75
36
59
56
67
47
34
60
13
56
12
48
91
24
57
48
60
10
36
50
74
33
60
28
26
83
38
85
45
0
66
39
63
2
64
6
10
1
68
2
63
2
24
62
24
1
99
68
58
52
91
43
85
48
13
96
7
10
13
6
6
11
74
12
20
81
86
67
90
2
54
12
30
37
75
26
21
43
85
26
84
96
31
9
37
33
63
63
93
82
36
11
42
47
45
84
94
69
32
8
23
39
33
36
56
61
71
29
32
1
62
9
81
73
73
33
46
99
5
91
67
59
74
50
42
62
35
34
32
78
6
18
29
60
21
96
93
68
65
12
73
62
65
20
73
36
92
78
99
81
50
